20 7.33047 14.0948
24 7.35115 14.1504
28 7.09956 14.1673
32 6.72124 14.189
36 6.6827 14.2068
40 6.85998 14.2215
48 6.72771 14.2529
56 6.71326 14.1936
64 6.65978 13.2219
80 6.74117 13.1227
96 6.7537 13.1527
128 6.72754 13.169
192 6.24813 13.1806
220 6.66093 13.1657
256 6.51016 13.2087
300 6.18265 13.0283
400 6.20028 12.8904
512 6.04679 12.8264
600 5.78542 12.521
800 6.14794 12.3204
1024 6.11778 12.0391
1500 6.13313 12.1874
2048 6.0573 12.0509
3000 5.90786 12.1227
4096 5.94537 11.7821
5000 5.63428 11.9786
6000 4.69303 11.4722
8000 4.22842 11.8761
10000 3.95649 11.6163
12000 3.58079 10.0017
16000 3.44955 8.97102

