0 20 6.80652                                                                                                                 
0 24 6.78744                                                                                                                 
0 28 6.66023                                                                                                                 
0 32 6.34192                                                                                                                 
0 36 6.33215                                                                                                                 
0 40 6.38468                                                                                                                 
0 48 6.33649                                                                                                                 
0 56 6.22042                                                                                                                 
0 64 6.35651                                                                                                                 
0 80 6.36805                                                                                                                 
0 96 6.35263                                                                                                                 
0 128 6.34626                                                                                                                  
0 140 5.50609                                                                                                                  
0 192 6.15969                                                                                                                  
0 220 6.21191                                                                                                                  
0 256 5.86009                                                                                                                  
0 300 5.4855                                                                                                                   
0 400 4.52368
0 512 4.36095
0 600 4.468
0 800 4.29867
0 1024 4.06679
0 1500 3.15472
0 2048 1.78117
0 3000 1.00158
0 4096 1.1209
0 5000 1.14117
0 6000 1.10044
0 8000 1.09533
0 10000 1.07109
0 12000 1.13277
0 16000 1.12548

