# Fastest jacobi kernel on titane
# 3Ghz Nehalem. Jacobi_kernel 34 N 
# 8 concurrent threads
# column 1: N
# column 2: gflops double
# column 3: gflops float
28 7.18386 14.179
32 6.69515 14.1828
36 6.68571 14.2144
40 6.87234 14.0889
48 6.71538 14.2422
56 6.72758 14.1816
64 6.738 12.9421
80 6.74181 13.1086
96 6.33714 13.1168
128 6.74745 13.1593
192 6.5767 13.1874
220 6.28393 13.1808
256 5.90692 13.1811
258 5.84079 13.2405
300 5.14203 13.0697
400 4.52753 12.6857
514 4.21324 11.8948
600 4.447 10.5574
800 4.49521 9.27025
1022 4.10154 8.96385
1024 4.32932 9.18349
1026 4.29577 9.12674
1500 2.87594 9.61842
2048 1.88423 8.85096
3000 1.23604 7.60601
4096 1.12744 3.70767
5000 1.13808 3.16644
6000 1.01943 2.47531
8000 1.09411 2.36328
10000 1.10301 2.37185
12000 1.09239 2.44136
16000 1.11096 2.37464


